1669660708
1669640876
1669640873
1669625273
1669633554
1669657430
1669633287
1669633554
1669632481
1669385982
1669543332
1669309344
1669638253
1669641259
1669657573
1669631328
1669545911
1669639053
1669621979
1669537842
1669625386
1669657375
1669588931
1669625853
1669539025
1669641617
1669660453
1669656767
1669545630
1669628922
1669548795
1669616370
1669624265
1669026396
1669632760
1669548539
1669549063
1669631063
1669615701
1669626851
1669545749
1669626397
1669624750
1669630499
1669616164
1664694567
1664696701
1664694556
1664696282
1664700388
